9.8
5.4
8.0
7.7
5.6
4.7
7.4
7.4
7.4
7.4
7.4
7.4
7.4
7.4
-0.3
2.8
3.1
4.6
6.8
7.6
8.0
6.7
7.9
8.7
7.5
9.2
6.8
7.6
7.5
6.9
8.4
7.8
3.7
3.1
2.0
4.0
4.4
5.8
5.5
3.8
4.8
7.3
6.7
6.6
6.0
5.2
4.9
4.2
3.9
4.5
5.4
7.4
6.2
6.1
6.2
6.0
6.2
7.1
7.3
6.3
4.9
4.8
7.0
8.4
7.1
5.2
4.8
4.0
4.1
5.0
7.3
5.6
5.4
4.5
3.6
5.7
6.2
8.7
8.8
8.3
7.5
8.3
7.1
6.7
7.0
6.5
6.4
8.3
10.4
8.1
7.3
6.9
6.4
6.6
6.8
7.5
7.8
8.9
8.2
10.4
11.6
11.6
9.2
9.8
10.9
12.2
13.8
12.8
13.8
13.4
12.4
13.4
11.1
12.7
12.1
14.2
10.6
13.0
10.5
10.5
12.3
12.6
11.2
10.5
11.7
13.0
12.7
12.7
15.3
16.7
17.8
17.6
14.6
14.2
13.9
15.0
13.9
15.3
13.9
15.6
13.4
13.6
14.5
13.6
15.5
14.1
15.3
15.3
18.4
18.1
14.4
14.1
15.1
12.2
14.5
15.0
14.2
14.1
14.6
15.8
12.3
16.5
17.0
14.7
14.4
13.6
12.9
15.2
16.9
17.2
19.3
17.1
17.5
17.6
18.8
18.6
19.1
17.8
16.8
17.7
18.9
16.4
14.0
13.8
13.7
16.4
16.5
17.8
15.6
17.9
17.2
17.8
16.4
17.7
17.4
18.7
20.0
20.7
19.6
18.8
19.3
20.6
22.1
20.8
18.7
18.2
17.4
20.2
22.6
21.1
21.3
21.2
22.0
21.8
21.7
21.2
20.2
21.8
17.7
17.1
17.8
18.0
18.4
17.9
17.2
17.6
18.2
20.6
23.2
25.2
22.8
21.6
18.7
17.8
17.4
16.5
18.2
16.8
16.4
17.9
17.9
16.9
15.7
17.2
18.3
18.9
17.9
19.1
18.4
19.3
20.1
18.8
18.9
20.7
20.2
16.4
15.1
15.2
19.1
17.9
17.2
16.8
15.5
17.1
17.2
17.5
15.3
15.5
15.8
13.4
14.7
14.8
15.6
16.9
15.7
16.2
16.2
14.3
15.0
14.4
14.8
16.2
13.8
13.7
10.8
10.6
11.8
11.0
9.8
11.3
11.7
10.7
11.7
10.3
9.4
9.1
6.3
7.2
3.1
6.2
7.8
10.3
11.4
9.9
8.4
8.9
9.7
11.0
13.0
10.9
6.8
6.0
5.5
3.4
4.4
3.4
5.4
7.1
6.1
8.5
7.2
10.7
7.8
7.2
7.5
7.3
5.9
6.2
7.2
6.6
5.6
8.2
7.5
5.6
7.7
5.6
5.6
5.7
8.0
7.6
9.2
9.5
9.2
7.7
6.2
4.9
4.5
4.4
6.3
7.0
8.0
7.1
7.3
7.0
7.5
4.1
3.6
3.4
2.7
5.7
6.9
6.6
5.8
4.7
5.6
